{
 "cells": [
  {
   "cell_type": "markdown",
   "id": "77f82728",
   "metadata": {},
   "source": [
    "# Pyspark ML\n",
    "\n",
    "<img src=\"spark_ml.JPG\" height=\"300\" width=\"300\">\n",
    "\n",
    "MLlib es la biblioteca de aprendizaje automático (ML) de Spark. Su objetivo es hacer que el aprendizaje automático práctico sea escalable y fácil. A un alto nivel, proporciona herramientas como:\n",
    "\n",
    "- **Algoritmos de ML:** algoritmos de aprendizaje comunes como clasificación, regresión, agrupamiento y filtrado colaborativo\n",
    "- **Caracterización:** extracción de características, transformación, reducción de dimensionalidad y selección\n",
    "- **Pipelines:** herramientas para construir, evaluar y ajustar ML Pipelines\n",
    "- **Persistencia:** guardar y cargar algoritmos, modelos y Pipelines\n",
    "- **Utilidades:** álgebra lineal, estadística, manejo de datos, etc."
   ]
  },
  {
   "cell_type": "markdown",
   "id": "e1fc8b85",
   "metadata": {},
   "source": [
    "# Import Spark"
   ]
  },
  {
   "cell_type": "code",
   "execution_count": 1,
   "id": "903ee440",
   "metadata": {
    "ExecuteTime": {
     "end_time": "2022-11-19T12:36:03.996846Z",
     "start_time": "2022-11-19T12:36:03.281024Z"
    }
   },
   "outputs": [
    {
     "data": {
      "text/html": [
       "<style>pre { white-space: pre !important; }</style>"
      ],
      "text/plain": [
       "<IPython.core.display.HTML object>"
      ]
     },
     "metadata": {},
     "output_type": "display_data"
    }
   ],
   "source": [
    "import findspark\n",
    "findspark.init()\n",
    "from pyspark.sql import SparkSession\n",
    "\n",
    "from IPython.core.display import HTML\n",
    "display(HTML(\"<style>pre { white-space: pre !important; }</style>\"))\n",
    "\n",
    "import pandas as pd"
   ]
  },
  {
   "cell_type": "code",
   "execution_count": 2,
   "id": "31e0e9a0",
   "metadata": {
    "ExecuteTime": {
     "end_time": "2022-11-19T12:36:14.736956Z",
     "start_time": "2022-11-19T12:36:04.359759Z"
    }
   },
   "outputs": [],
   "source": [
    "spark = (\n",
    "    SparkSession.builder\n",
    "        .appName(\"PysparkSession\")\n",
    "        .getOrCreate() ## Create Session\n",
    ") "
   ]
  },
  {
   "cell_type": "markdown",
   "id": "f968a143",
   "metadata": {
    "ExecuteTime": {
     "end_time": "2022-11-19T02:01:58.904232Z",
     "start_time": "2022-11-19T02:01:58.885282Z"
    }
   },
   "source": [
    "# Correlation Matrix "
   ]
  },
  {
   "cell_type": "code",
   "execution_count": 44,
   "id": "edef0941",
   "metadata": {
    "ExecuteTime": {
     "end_time": "2022-11-19T13:12:13.873474Z",
     "start_time": "2022-11-19T13:12:13.859484Z"
    }
   },
   "outputs": [],
   "source": [
    "from pyspark.ml.stat import Correlation\n",
    "from pyspark.ml.feature import VectorAssembler"
   ]
  },
  {
   "cell_type": "code",
   "execution_count": 3,
   "id": "3c040fbd",
   "metadata": {
    "ExecuteTime": {
     "end_time": "2022-11-19T12:44:50.365773Z",
     "start_time": "2022-11-19T12:44:44.178187Z"
    }
   },
   "outputs": [
    {
     "name": "stdout",
     "output_type": "stream",
     "text": [
      "+---------+-----------------+-----------+---------+----------+------------+-----------+------------+---------------+----------+------+-----+------+-----------+-----------+----------------+-----------+-----------+----+------+-----------------+----------+--------+--------+-----------+-------+\n",
      "|symboling|normalized-losses|       make|fuel-type|aspiration|num-of-doors| body-style|drive-wheels|engine-location|wheel-base|length|width|height|curb-weight|engine-type|num-of-cylinders|engine-size|fuel-system|bore|stroke|compression-ratio|horsepower|peak-rpm|city-mpg|highway-mpg|  price|\n",
      "+---------+-----------------+-----------+---------+----------+------------+-----------+------------+---------------+----------+------+-----+------+-----------+-----------+----------------+-----------+-----------+----+------+-----------------+----------+--------+--------+-----------+-------+\n",
      "|        3|             null|alfa-romero|      gas|       std|         two|convertible|         rwd|          front|      88.6| 168.8| 64.1|  48.8|       2548|       dohc|            four|        130|       mpfi|3.47|  2.68|              9.0|     111.0|  5000.0|      21|         27|13495.0|\n",
      "|        3|             null|alfa-romero|      gas|       std|         two|convertible|         rwd|          front|      88.6| 168.8| 64.1|  48.8|       2548|       dohc|            four|        130|       mpfi|3.47|  2.68|              9.0|     111.0|  5000.0|      21|         27|16500.0|\n",
      "|        1|             null|alfa-romero|      gas|       std|         two|  hatchback|         rwd|          front|      94.5| 171.2| 65.5|  52.4|       2823|       ohcv|             six|        152|       mpfi|2.68|  3.47|              9.0|     154.0|  5000.0|      19|         26|16500.0|\n",
      "|        2|            164.0|       audi|      gas|       std|        four|      sedan|         fwd|          front|      99.8| 176.6| 66.2|  54.3|       2337|        ohc|            four|        109|       mpfi|3.19|   3.4|             10.0|     102.0|  5500.0|      24|         30|13950.0|\n",
      "|        2|            164.0|       audi|      gas|       std|        four|      sedan|         4wd|          front|      99.4| 176.6| 66.4|  54.3|       2824|        ohc|            five|        136|       mpfi|3.19|   3.4|              8.0|     115.0|  5500.0|      18|         22|17450.0|\n",
      "+---------+-----------------+-----------+---------+----------+------------+-----------+------------+---------------+----------+------+-----+------+-----------+-----------+----------------+-----------+-----------+----+------+-----------------+----------+--------+--------+-----------+-------+\n",
      "only showing top 5 rows\n",
      "\n"
     ]
    }
   ],
   "source": [
    "df_auto = spark.read.format(\"parquet\").option(\"header\", True).load(\"./datasets/automobile_data.parquet\")\n",
    "df_auto.show(5)"
   ]
  },
  {
   "cell_type": "code",
   "execution_count": 36,
   "id": "51651307",
   "metadata": {
    "ExecuteTime": {
     "end_time": "2022-11-19T13:02:35.239268Z",
     "start_time": "2022-11-19T13:02:35.234309Z"
    }
   },
   "outputs": [],
   "source": [
    "# types_col = str(df_auto.dtypes).replace(\"(\", \"\").replace(\")\", \"\")\\\n",
    "#                                .replace(\"'\", \"\").replace(\"[\", \"\")\\\n",
    "#                                .replace(\"]\", \"\").split(\",\")\n",
    "\n",
    "# types_col = list(map(lambda x: x.lstrip(), types_col))\n",
    "\n",
    "# def Convert(lst):\n",
    "#     res_dct = {lst[i]: lst[i + 1] for i in range(0, len(lst), 2)}\n",
    "#     return res_dct\n",
    "\n",
    "# df_types = pd.DataFrame([Convert(types_col)]).T.reset_index().rename(columns = {0: \"Types\", \"index\": \"columns\"})\n",
    "# df_types_num = df_types.query(\"Types != 'string'\")\n",
    "# list_num = df_types_num[\"columns\"].values.tolist()\n",
    "# df_types_num.head()"
   ]
  },
  {
   "cell_type": "code",
   "execution_count": 43,
   "id": "05b0f1de",
   "metadata": {
    "ExecuteTime": {
     "end_time": "2022-11-19T13:03:55.240341Z",
     "start_time": "2022-11-19T13:03:55.226379Z"
    }
   },
   "outputs": [
    {
     "data": {
      "text/html": [
       "<div>\n",
       "<style scoped>\n",
       "    .dataframe tbody tr th:only-of-type {\n",
       "        vertical-align: middle;\n",
       "    }\n",
       "\n",
       "    .dataframe tbody tr th {\n",
       "        vertical-align: top;\n",
       "    }\n",
       "\n",
       "    .dataframe thead th {\n",
       "        text-align: right;\n",
       "    }\n",
       "</style>\n",
       "<table border=\"1\" class=\"dataframe\">\n",
       "  <thead>\n",
       "    <tr style=\"text-align: right;\">\n",
       "      <th></th>\n",
       "      <th>columns</th>\n",
       "      <th>Types</th>\n",
       "    </tr>\n",
       "  </thead>\n",
       "  <tbody>\n",
       "    <tr>\n",
       "      <th>0</th>\n",
       "      <td>symboling</td>\n",
       "      <td>bigint</td>\n",
       "    </tr>\n",
       "    <tr>\n",
       "      <th>1</th>\n",
       "      <td>normalized-losses</td>\n",
       "      <td>double</td>\n",
       "    </tr>\n",
       "    <tr>\n",
       "      <th>9</th>\n",
       "      <td>wheel-base</td>\n",
       "      <td>double</td>\n",
       "    </tr>\n",
       "    <tr>\n",
       "      <th>10</th>\n",
       "      <td>length</td>\n",
       "      <td>double</td>\n",
       "    </tr>\n",
       "    <tr>\n",
       "      <th>11</th>\n",
       "      <td>width</td>\n",
       "      <td>double</td>\n",
       "    </tr>\n",
       "  </tbody>\n",
       "</table>\n",
       "</div>"
      ],
      "text/plain": [
       "              columns   Types\n",
       "0           symboling  bigint\n",
       "1   normalized-losses  double\n",
       "9          wheel-base  double\n",
       "10             length  double\n",
       "11              width  double"
      ]
     },
     "execution_count": 43,
     "metadata": {},
     "output_type": "execute_result"
    }
   ],
   "source": [
    "df_types = pd.DataFrame(data = df_auto.dtypes).rename(columns = {0: \"columns\", 1: \"Types\"})\n",
    "df_types_num = df_types.query(\"Types != 'string'\")\n",
    "list_num = df_types_num[\"columns\"].values.tolist()\n",
    "df_types_num.head()"
   ]
  },
  {
   "cell_type": "code",
   "execution_count": 56,
   "id": "ec2436dd",
   "metadata": {
    "ExecuteTime": {
     "end_time": "2022-11-19T13:17:01.253084Z",
     "start_time": "2022-11-19T13:17:01.080185Z"
    }
   },
   "outputs": [
    {
     "name": "stdout",
     "output_type": "stream",
     "text": [
      "+---------+-----------------+----------+------+-----+------+-----------+-----------+----+------+-----------------+----------+--------+--------+-----------+-------+\n",
      "|symboling|normalized-losses|wheel-base|length|width|height|curb-weight|engine-size|bore|stroke|compression-ratio|horsepower|peak-rpm|city-mpg|highway-mpg|  price|\n",
      "+---------+-----------------+----------+------+-----+------+-----------+-----------+----+------+-----------------+----------+--------+--------+-----------+-------+\n",
      "|        3|             null|      88.6| 168.8| 64.1|  48.8|       2548|        130|3.47|  2.68|              9.0|     111.0|  5000.0|      21|         27|13495.0|\n",
      "|        3|             null|      88.6| 168.8| 64.1|  48.8|       2548|        130|3.47|  2.68|              9.0|     111.0|  5000.0|      21|         27|16500.0|\n",
      "|        1|             null|      94.5| 171.2| 65.5|  52.4|       2823|        152|2.68|  3.47|              9.0|     154.0|  5000.0|      19|         26|16500.0|\n",
      "+---------+-----------------+----------+------+-----+------+-----------+-----------+----+------+-----------------+----------+--------+--------+-----------+-------+\n",
      "only showing top 3 rows\n",
      "\n"
     ]
    }
   ],
   "source": [
    "df_auto_num = df_auto[list_num]\n",
    "df_auto_num.show(3)"
   ]
  },
  {
   "cell_type": "code",
   "execution_count": 98,
   "id": "a83daa64",
   "metadata": {
    "ExecuteTime": {
     "end_time": "2022-11-19T13:31:15.775308Z",
     "start_time": "2022-11-19T13:31:15.666518Z"
    }
   },
   "outputs": [
    {
     "name": "stdout",
     "output_type": "stream",
     "text": [
      "+---------+-----------------+----------+------+-----+------+-----------+-----------+----+------+-----------------+----------+--------+--------+-----------+-------+\n",
      "|symboling|normalized-losses|wheel-base|length|width|height|curb-weight|engine-size|bore|stroke|compression-ratio|horsepower|peak-rpm|city-mpg|highway-mpg|  price|\n",
      "+---------+-----------------+----------+------+-----+------+-----------+-----------+----+------+-----------------+----------+--------+--------+-----------+-------+\n",
      "|        2|            164.0|      99.8| 176.6| 66.2|  54.3|       2337|        109|3.19|   3.4|             10.0|     102.0|  5500.0|      24|         30|13950.0|\n",
      "|        2|            164.0|      99.4| 176.6| 66.4|  54.3|       2824|        136|3.19|   3.4|              8.0|     115.0|  5500.0|      18|         22|17450.0|\n",
      "|        1|            158.0|     105.8| 192.7| 71.4|  55.7|       2844|        136|3.19|   3.4|              8.5|     110.0|  5500.0|      19|         25|17710.0|\n",
      "|        1|            158.0|     105.8| 192.7| 71.4|  55.9|       3086|        131|3.13|   3.4|              8.3|     140.0|  5500.0|      17|         20|23875.0|\n",
      "|        2|            192.0|     101.2| 176.8| 64.8|  54.3|       2395|        108| 3.5|   2.8|              8.8|     101.0|  5800.0|      23|         29|16430.0|\n",
      "|        0|            192.0|     101.2| 176.8| 64.8|  54.3|       2395|        108| 3.5|   2.8|              8.8|     101.0|  5800.0|      23|         29|16925.0|\n",
      "|        0|            188.0|     101.2| 176.8| 64.8|  54.3|       2710|        164|3.31|  3.19|              9.0|     121.0|  4250.0|      21|         28|20970.0|\n",
      "|        0|            188.0|     101.2| 176.8| 64.8|  54.3|       2765|        164|3.31|  3.19|              9.0|     121.0|  4250.0|      21|         28|21105.0|\n",
      "|        2|            121.0|      88.4| 141.1| 60.3|  53.2|       1488|         61|2.91|  3.03|              9.5|      48.0|  5100.0|      47|         53| 5151.0|\n",
      "|        1|             98.0|      94.5| 155.9| 63.6|  52.0|       1874|         90|3.03|  3.11|              9.6|      70.0|  5400.0|      38|         43| 6295.0|\n",
      "|        0|             81.0|      94.5| 158.8| 63.6|  52.0|       1909|         90|3.03|  3.11|              9.6|      70.0|  5400.0|      38|         43| 6575.0|\n",
      "|        1|            118.0|      93.7| 157.3| 63.8|  50.8|       1876|         90|2.97|  3.23|             9.41|      68.0|  5500.0|      37|         41| 5572.0|\n",
      "|        1|            118.0|      93.7| 157.3| 63.8|  50.8|       1876|         90|2.97|  3.23|              9.4|      68.0|  5500.0|      31|         38| 6377.0|\n",
      "|        1|            118.0|      93.7| 157.3| 63.8|  50.8|       2128|         98|3.03|  3.39|              7.6|     102.0|  5500.0|      24|         30| 7957.0|\n",
      "|        1|            148.0|      93.7| 157.3| 63.8|  50.6|       1967|         90|2.97|  3.23|              9.4|      68.0|  5500.0|      31|         38| 6229.0|\n",
      "|        1|            148.0|      93.7| 157.3| 63.8|  50.6|       1989|         90|2.97|  3.23|              9.4|      68.0|  5500.0|      31|         38| 6692.0|\n",
      "|        1|            148.0|      93.7| 157.3| 63.8|  50.6|       1989|         90|2.97|  3.23|              9.4|      68.0|  5500.0|      31|         38| 7609.0|\n",
      "|        1|            148.0|      93.7| 157.3| 63.8|  50.6|       2191|         98|3.03|  3.39|              7.6|     102.0|  5500.0|      24|         30| 8558.0|\n",
      "|       -1|            110.0|     103.3| 174.6| 64.6|  59.8|       2535|        122|3.34|  3.46|              8.5|      88.0|  5000.0|      24|         30| 8921.0|\n",
      "|        3|            145.0|      95.9| 173.2| 66.3|  50.2|       2811|        156| 3.6|   3.9|              7.0|     145.0|  5000.0|      19|         24|12964.0|\n",
      "+---------+-----------------+----------+------+-----+------+-----------+-----------+----+------+-----------------+----------+--------+--------+-----------+-------+\n",
      "only showing top 20 rows\n",
      "\n"
     ]
    }
   ],
   "source": [
    "df_auto_num_drop = df_auto_num.na.drop()\n",
    "df_auto_num_drop.show()"
   ]
  },
  {
   "cell_type": "markdown",
   "id": "49b346b0",
   "metadata": {},
   "source": [
    "## Vector Assembler\n",
    "\n",
    "VectorAssembleres un transformador que combina una lista dada de columnas en un solo vector columna. \n",
    "Es útil para combinar características sin procesar y características generadas por diferentes transformadores \n",
    "de características en un solo vector de características, para entrenar modelos de ML como regresión logística \n",
    "y decisión trees.acepta los siguientes tipos de columna de entrada: todos los tipos numéricos, tipo booleano, \n",
    "y tipo vectorial. en resumen un Vector Assembler construye una columna adicional donde cada fila contiene un a lista\n",
    "con los valores de todas las columnas\n",
    "\n"
   ]
  },
  {
   "cell_type": "code",
   "execution_count": 99,
   "id": "296ad782",
   "metadata": {
    "ExecuteTime": {
     "end_time": "2022-11-19T13:31:37.969656Z",
     "start_time": "2022-11-19T13:31:37.955695Z"
    }
   },
   "outputs": [
    {
     "name": "stdout",
     "output_type": "stream",
     "text": [
      "['symboling', 'normalized-losses', 'wheel-base', 'length', 'width', 'height', 'curb-weight', 'engine-size', 'bore', 'stroke', 'compression-ratio', 'horsepower', 'peak-rpm', 'city-mpg', 'highway-mpg', 'price']\n"
     ]
    }
   ],
   "source": [
    "print(list_num)"
   ]
  },
  {
   "cell_type": "code",
   "execution_count": 48,
   "id": "330bc1ec",
   "metadata": {
    "ExecuteTime": {
     "end_time": "2022-11-19T13:13:57.090102Z",
     "start_time": "2022-11-19T13:13:57.021133Z"
    }
   },
   "outputs": [
    {
     "data": {
      "text/plain": [
       "VectorAssembler_4905238424e2"
      ]
     },
     "execution_count": 48,
     "metadata": {},
     "output_type": "execute_result"
    }
   ],
   "source": [
    "assembler = VectorAssembler(inputCols = list_num, outputCol = \"features\")\n",
    "assembler"
   ]
  },
  {
   "cell_type": "code",
   "execution_count": 60,
   "id": "c7bfcda7",
   "metadata": {
    "ExecuteTime": {
     "end_time": "2022-11-19T13:17:52.472075Z",
     "start_time": "2022-11-19T13:17:52.185801Z"
    }
   },
   "outputs": [
    {
     "name": "stdout",
     "output_type": "stream",
     "text": [
      "+---------+-----------------+----------+------+-----+------+-----------+-----------+----+------+-----------------+----------+--------+--------+-----------+-------+--------------------+\n",
      "|symboling|normalized-losses|wheel-base|length|width|height|curb-weight|engine-size|bore|stroke|compression-ratio|horsepower|peak-rpm|city-mpg|highway-mpg|  price|            features|\n",
      "+---------+-----------------+----------+------+-----+------+-----------+-----------+----+------+-----------------+----------+--------+--------+-----------+-------+--------------------+\n",
      "|        2|            164.0|      99.8| 176.6| 66.2|  54.3|       2337|        109|3.19|   3.4|             10.0|     102.0|  5500.0|      24|         30|13950.0|[2.0,164.0,99.8,1...|\n",
      "|        2|            164.0|      99.4| 176.6| 66.4|  54.3|       2824|        136|3.19|   3.4|              8.0|     115.0|  5500.0|      18|         22|17450.0|[2.0,164.0,99.4,1...|\n",
      "|        1|            158.0|     105.8| 192.7| 71.4|  55.7|       2844|        136|3.19|   3.4|              8.5|     110.0|  5500.0|      19|         25|17710.0|[1.0,158.0,105.8,...|\n",
      "|        1|            158.0|     105.8| 192.7| 71.4|  55.9|       3086|        131|3.13|   3.4|              8.3|     140.0|  5500.0|      17|         20|23875.0|[1.0,158.0,105.8,...|\n",
      "|        2|            192.0|     101.2| 176.8| 64.8|  54.3|       2395|        108| 3.5|   2.8|              8.8|     101.0|  5800.0|      23|         29|16430.0|[2.0,192.0,101.2,...|\n",
      "+---------+-----------------+----------+------+-----+------+-----------+-----------+----+------+-----------------+----------+--------+--------+-----------+-------+--------------------+\n",
      "only showing top 5 rows\n",
      "\n"
     ]
    }
   ],
   "source": [
    "df_auto_num_drop = assembler.transform(df_auto_num_drop)\n",
    "df_auto_num_drop.show(5)"
   ]
  },
  {
   "cell_type": "code",
   "execution_count": 100,
   "id": "d0bb730a",
   "metadata": {
    "ExecuteTime": {
     "end_time": "2022-11-19T13:31:53.777220Z",
     "start_time": "2022-11-19T13:31:53.475023Z"
    }
   },
   "outputs": [
    {
     "name": "stdout",
     "output_type": "stream",
     "text": [
      "DenseMatrix([[ 1.        ,  0.51838797, -0.52046477, -0.33621705, -0.21984964,\n",
      "              -0.47399437, -0.25237234, -0.11023843, -0.25701277, -0.02053884,\n",
      "              -0.13902179, -0.00366866,  0.19979781,  0.08891209,  0.14930948,\n",
      "              -0.16332929],\n",
      "             [ 0.51838797,  1.        , -0.06400101,  0.02911438,  0.1048565 ,\n",
      "              -0.41708077,  0.12286025,  0.2038412 , -0.03616694,  0.06562699,\n",
      "              -0.12997093,  0.29090559,  0.24067647, -0.23693364, -0.18969131,\n",
      "               0.19992385],\n",
      "             [-0.52046477, -0.06400101,  1.        ,  0.87196801,  0.81593501,\n",
      "               0.55876376,  0.81050693,  0.6504878 ,  0.58048403,  0.16401196,\n",
      "               0.2939676 ,  0.51450686, -0.29249053, -0.5766354 , -0.60826982,\n",
      "               0.7347888 ],\n",
      "             [-0.33621705,  0.02911438,  0.87196801,  1.        ,  0.83918412,\n",
      "               0.50515596,  0.87035496,  0.72666638,  0.64905924,  0.11604912,\n",
      "               0.18896778,  0.66672597, -0.23910434, -0.71687663, -0.71783122,\n",
      "               0.76032275],\n",
      "             [-0.21984964,  0.1048565 ,  0.81593501,  0.83918412,  1.        ,\n",
      "               0.29840309,  0.87064933,  0.7800176 ,  0.57504802,  0.19289103,\n",
      "               0.26153025,  0.67877892, -0.23590633, -0.6621225 , -0.68936743,\n",
      "               0.8433157 ],\n",
      "             [-0.47399437, -0.41708077,  0.55876376,  0.50515596,  0.29840309,\n",
      "               1.        ,  0.36936307,  0.11650514,  0.26150092, -0.09536437,\n",
      "               0.23743151,  0.03226392, -0.25123623, -0.19455902, -0.22164557,\n",
      "               0.24750024],\n",
      "             [-0.25237234,  0.12286025,  0.81050693,  0.87035496,  0.87064933,\n",
      "               0.36936307,  1.        ,  0.88884736,  0.64664028,  0.17169132,\n",
      "               0.22651275,  0.78850942, -0.26208551, -0.75953792, -0.78716702,\n",
      "               0.89380953],\n",
      "             [-0.11023843,  0.2038412 ,  0.6504878 ,  0.72666638,  0.7800176 ,\n",
      "               0.11650514,  0.88884736,  1.        ,  0.59733622,  0.29669314,\n",
      "               0.14356771,  0.80985478, -0.28726007, -0.69588958, -0.71136436,\n",
      "               0.84172481],\n",
      "             [-0.25701277, -0.03616694,  0.58048403,  0.64905924,  0.57504802,\n",
      "               0.26150092,  0.64664028,  0.59733622,  1.        , -0.10546407,\n",
      "               0.01921597,  0.5571074 , -0.31584138, -0.58561823, -0.58672907,\n",
      "               0.53489078],\n",
      "             [-0.02053884,  0.06562699,  0.16401196,  0.11604912,  0.19289103,\n",
      "              -0.09536437,  0.17169132,  0.29669314, -0.10546407,  1.        ,\n",
      "               0.24089481,  0.14931499, -0.00856899, -0.02138083, -0.01397408,\n",
      "               0.15879823],\n",
      "             [-0.13902179, -0.12997093,  0.2939676 ,  0.18896778,  0.26153025,\n",
      "               0.23743151,  0.22651275,  0.14356771,  0.01921597,  0.24089481,\n",
      "               1.        , -0.16289361, -0.41872632,  0.27951325,  0.22244152,\n",
      "               0.21094844],\n",
      "             [-0.00366866,  0.29090559,  0.51450686,  0.66672597,  0.67877892,\n",
      "               0.03226392,  0.78850942,  0.80985478,  0.5571074 ,  0.14931499,\n",
      "              -0.16289361,  1.        ,  0.07493182, -0.83717978, -0.8279725 ,\n",
      "               0.75858227],\n",
      "             [ 0.19979781,  0.24067647, -0.29249053, -0.23910434, -0.23590633,\n",
      "              -0.25123623, -0.26208551, -0.28726007, -0.31584138, -0.00856899,\n",
      "              -0.41872632,  0.07493182,  1.        , -0.05493781, -0.03437238,\n",
      "              -0.17397006],\n",
      "             [ 0.08891209, -0.23693364, -0.5766354 , -0.71687663, -0.6621225 ,\n",
      "              -0.19455902, -0.75953792, -0.69588958, -0.58561823, -0.02138083,\n",
      "               0.27951325, -0.83717978, -0.05493781,  1.        ,  0.9719968 ,\n",
      "              -0.69009981],\n",
      "             [ 0.14930948, -0.18969131, -0.60826982, -0.71783122, -0.68936743,\n",
      "              -0.22164557, -0.78716702, -0.71136436, -0.58672907, -0.01397408,\n",
      "               0.22244152, -0.8279725 , -0.03437238,  0.9719968 ,  1.        ,\n",
      "              -0.7183144 ],\n",
      "             [-0.16332929,  0.19992385,  0.7347888 ,  0.76032275,  0.8433157 ,\n",
      "               0.24750024,  0.89380953,  0.84172481,  0.53489078,  0.15879823,\n",
      "               0.21094844,  0.75858227, -0.17397006, -0.69009981, -0.7183144 ,\n",
      "               1.        ]])\n"
     ]
    }
   ],
   "source": [
    "df_fil = df_auto_num_drop[list_num]\n",
    "assembler = VectorAssembler(inputCols = list_num, outputCol = \"features\")\n",
    "df_fil = assembler.transform(df_fil)\n",
    "\n",
    "pearson_corr = Correlation.corr(df_fil, \"features\", \"pearson\").collect()[0][0]\n",
    "print(pearson_corr)"
   ]
  },
  {
   "cell_type": "markdown",
   "id": "3c5e33c6",
   "metadata": {},
   "source": [
    "# Preprocessing"
   ]
  },
  {
   "cell_type": "markdown",
   "id": "4f862b0d",
   "metadata": {},
   "source": [
    "## Standard Scaler o Z-score\n",
    "\n",
    "- Es el proceso de transformar los datos de tal manera que la media de cada columna sea igual a cero, y la desviación estándar de cada columna sea igual a uno. De esta manera, se obtiene la misma escala para todas las columnas\n",
    "- Es una buena práctica estandarizar los datos de entrada que utiliza para la regresión logística, aunque en muchos casos no es necesario. La estandarización podría mejorar el rendimiento del algoritmo.\n",
    "- El rango de los datos se ajsuta a cada variable, su rango no es fijo\n",
    "- Normalmente se utiliza cuando no se desea que los datos atipicos tengan demasiada influencia\n",
    "- Esta tecnica hace que la media de cada variable tienda a 0 y su desviacion estandar tienda a 1\n",
    "\n",
    "<img src=\"standard.PNG\" height = \"200\" width = \"200\">"
   ]
  },
  {
   "cell_type": "markdown",
   "id": "23c0a64d",
   "metadata": {},
   "source": [
    "### Pandas"
   ]
  },
  {
   "cell_type": "code",
   "execution_count": 101,
   "id": "2eac6fc8",
   "metadata": {
    "ExecuteTime": {
     "end_time": "2022-11-19T13:37:42.823340Z",
     "start_time": "2022-11-19T13:37:42.068325Z"
    }
   },
   "outputs": [],
   "source": [
    "from sklearn.preprocessing import StandardScaler"
   ]
  },
  {
   "cell_type": "code",
   "execution_count": 105,
   "id": "6485e6e5",
   "metadata": {
    "ExecuteTime": {
     "end_time": "2022-11-19T13:44:17.796587Z",
     "start_time": "2022-11-19T13:44:17.626756Z"
    }
   },
   "outputs": [
    {
     "data": {
      "text/html": [
       "<div>\n",
       "<style scoped>\n",
       "    .dataframe tbody tr th:only-of-type {\n",
       "        vertical-align: middle;\n",
       "    }\n",
       "\n",
       "    .dataframe tbody tr th {\n",
       "        vertical-align: top;\n",
       "    }\n",
       "\n",
       "    .dataframe thead th {\n",
       "        text-align: right;\n",
       "    }\n",
       "</style>\n",
       "<table border=\"1\" class=\"dataframe\">\n",
       "  <thead>\n",
       "    <tr style=\"text-align: right;\">\n",
       "      <th></th>\n",
       "      <th>symboling</th>\n",
       "      <th>normalized-losses</th>\n",
       "      <th>make</th>\n",
       "      <th>fuel-type</th>\n",
       "      <th>aspiration</th>\n",
       "      <th>num-of-doors</th>\n",
       "      <th>body-style</th>\n",
       "      <th>drive-wheels</th>\n",
       "      <th>engine-location</th>\n",
       "      <th>wheel-base</th>\n",
       "      <th>...</th>\n",
       "      <th>engine-size</th>\n",
       "      <th>fuel-system</th>\n",
       "      <th>bore</th>\n",
       "      <th>stroke</th>\n",
       "      <th>compression-ratio</th>\n",
       "      <th>horsepower</th>\n",
       "      <th>peak-rpm</th>\n",
       "      <th>city-mpg</th>\n",
       "      <th>highway-mpg</th>\n",
       "      <th>price</th>\n",
       "    </tr>\n",
       "  </thead>\n",
       "  <tbody>\n",
       "    <tr>\n",
       "      <th>0</th>\n",
       "      <td>3</td>\n",
       "      <td>NaN</td>\n",
       "      <td>alfa-romero</td>\n",
       "      <td>gas</td>\n",
       "      <td>std</td>\n",
       "      <td>two</td>\n",
       "      <td>convertible</td>\n",
       "      <td>rwd</td>\n",
       "      <td>front</td>\n",
       "      <td>88.6</td>\n",
       "      <td>...</td>\n",
       "      <td>130</td>\n",
       "      <td>mpfi</td>\n",
       "      <td>3.47</td>\n",
       "      <td>2.68</td>\n",
       "      <td>9.0</td>\n",
       "      <td>111.0</td>\n",
       "      <td>5000.0</td>\n",
       "      <td>21</td>\n",
       "      <td>27</td>\n",
       "      <td>13495.0</td>\n",
       "    </tr>\n",
       "    <tr>\n",
       "      <th>1</th>\n",
       "      <td>3</td>\n",
       "      <td>NaN</td>\n",
       "      <td>alfa-romero</td>\n",
       "      <td>gas</td>\n",
       "      <td>std</td>\n",
       "      <td>two</td>\n",
       "      <td>convertible</td>\n",
       "      <td>rwd</td>\n",
       "      <td>front</td>\n",
       "      <td>88.6</td>\n",
       "      <td>...</td>\n",
       "      <td>130</td>\n",
       "      <td>mpfi</td>\n",
       "      <td>3.47</td>\n",
       "      <td>2.68</td>\n",
       "      <td>9.0</td>\n",
       "      <td>111.0</td>\n",
       "      <td>5000.0</td>\n",
       "      <td>21</td>\n",
       "      <td>27</td>\n",
       "      <td>16500.0</td>\n",
       "    </tr>\n",
       "    <tr>\n",
       "      <th>2</th>\n",
       "      <td>1</td>\n",
       "      <td>NaN</td>\n",
       "      <td>alfa-romero</td>\n",
       "      <td>gas</td>\n",
       "      <td>std</td>\n",
       "      <td>two</td>\n",
       "      <td>hatchback</td>\n",
       "      <td>rwd</td>\n",
       "      <td>front</td>\n",
       "      <td>94.5</td>\n",
       "      <td>...</td>\n",
       "      <td>152</td>\n",
       "      <td>mpfi</td>\n",
       "      <td>2.68</td>\n",
       "      <td>3.47</td>\n",
       "      <td>9.0</td>\n",
       "      <td>154.0</td>\n",
       "      <td>5000.0</td>\n",
       "      <td>19</td>\n",
       "      <td>26</td>\n",
       "      <td>16500.0</td>\n",
       "    </tr>\n",
       "    <tr>\n",
       "      <th>3</th>\n",
       "      <td>2</td>\n",
       "      <td>164.0</td>\n",
       "      <td>audi</td>\n",
       "      <td>gas</td>\n",
       "      <td>std</td>\n",
       "      <td>four</td>\n",
       "      <td>sedan</td>\n",
       "      <td>fwd</td>\n",
       "      <td>front</td>\n",
       "      <td>99.8</td>\n",
       "      <td>...</td>\n",
       "      <td>109</td>\n",
       "      <td>mpfi</td>\n",
       "      <td>3.19</td>\n",
       "      <td>3.40</td>\n",
       "      <td>10.0</td>\n",
       "      <td>102.0</td>\n",
       "      <td>5500.0</td>\n",
       "      <td>24</td>\n",
       "      <td>30</td>\n",
       "      <td>13950.0</td>\n",
       "    </tr>\n",
       "    <tr>\n",
       "      <th>4</th>\n",
       "      <td>2</td>\n",
       "      <td>164.0</td>\n",
       "      <td>audi</td>\n",
       "      <td>gas</td>\n",
       "      <td>std</td>\n",
       "      <td>four</td>\n",
       "      <td>sedan</td>\n",
       "      <td>4wd</td>\n",
       "      <td>front</td>\n",
       "      <td>99.4</td>\n",
       "      <td>...</td>\n",
       "      <td>136</td>\n",
       "      <td>mpfi</td>\n",
       "      <td>3.19</td>\n",
       "      <td>3.40</td>\n",
       "      <td>8.0</td>\n",
       "      <td>115.0</td>\n",
       "      <td>5500.0</td>\n",
       "      <td>18</td>\n",
       "      <td>22</td>\n",
       "      <td>17450.0</td>\n",
       "    </tr>\n",
       "  </tbody>\n",
       "</table>\n",
       "<p>5 rows × 26 columns</p>\n",
       "</div>"
      ],
      "text/plain": [
       "   symboling  normalized-losses         make fuel-type aspiration  \\\n",
       "0          3                NaN  alfa-romero       gas        std   \n",
       "1          3                NaN  alfa-romero       gas        std   \n",
       "2          1                NaN  alfa-romero       gas        std   \n",
       "3          2              164.0         audi       gas        std   \n",
       "4          2              164.0         audi       gas        std   \n",
       "\n",
       "  num-of-doors   body-style drive-wheels engine-location  wheel-base  ...  \\\n",
       "0          two  convertible          rwd           front        88.6  ...   \n",
       "1          two  convertible          rwd           front        88.6  ...   \n",
       "2          two    hatchback          rwd           front        94.5  ...   \n",
       "3         four        sedan          fwd           front        99.8  ...   \n",
       "4         four        sedan          4wd           front        99.4  ...   \n",
       "\n",
       "   engine-size  fuel-system  bore  stroke compression-ratio horsepower  \\\n",
       "0          130         mpfi  3.47    2.68               9.0      111.0   \n",
       "1          130         mpfi  3.47    2.68               9.0      111.0   \n",
       "2          152         mpfi  2.68    3.47               9.0      154.0   \n",
       "3          109         mpfi  3.19    3.40              10.0      102.0   \n",
       "4          136         mpfi  3.19    3.40               8.0      115.0   \n",
       "\n",
       "   peak-rpm city-mpg  highway-mpg    price  \n",
       "0    5000.0       21           27  13495.0  \n",
       "1    5000.0       21           27  16500.0  \n",
       "2    5000.0       19           26  16500.0  \n",
       "3    5500.0       24           30  13950.0  \n",
       "4    5500.0       18           22  17450.0  \n",
       "\n",
       "[5 rows x 26 columns]"
      ]
     },
     "execution_count": 105,
     "metadata": {},
     "output_type": "execute_result"
    }
   ],
   "source": [
    "df_auto_pd = spark.read.format(\"parquet\").option(\"header\", True).load(\"./datasets/automobile_data.parquet\").toPandas()\n",
    "df_auto_pd.head()"
   ]
  },
  {
   "cell_type": "code",
   "execution_count": 108,
   "id": "3eef7172",
   "metadata": {
    "ExecuteTime": {
     "end_time": "2022-11-19T13:45:45.139411Z",
     "start_time": "2022-11-19T13:45:45.108391Z"
    }
   },
   "outputs": [
    {
     "data": {
      "text/html": [
       "<div>\n",
       "<style scoped>\n",
       "    .dataframe tbody tr th:only-of-type {\n",
       "        vertical-align: middle;\n",
       "    }\n",
       "\n",
       "    .dataframe tbody tr th {\n",
       "        vertical-align: top;\n",
       "    }\n",
       "\n",
       "    .dataframe thead th {\n",
       "        text-align: right;\n",
       "    }\n",
       "</style>\n",
       "<table border=\"1\" class=\"dataframe\">\n",
       "  <thead>\n",
       "    <tr style=\"text-align: right;\">\n",
       "      <th></th>\n",
       "      <th>symboling</th>\n",
       "      <th>normalized-losses</th>\n",
       "      <th>wheel-base</th>\n",
       "      <th>length</th>\n",
       "      <th>width</th>\n",
       "      <th>height</th>\n",
       "      <th>curb-weight</th>\n",
       "      <th>engine-size</th>\n",
       "      <th>bore</th>\n",
       "      <th>stroke</th>\n",
       "      <th>compression-ratio</th>\n",
       "      <th>horsepower</th>\n",
       "      <th>peak-rpm</th>\n",
       "      <th>city-mpg</th>\n",
       "      <th>highway-mpg</th>\n",
       "      <th>price</th>\n",
       "    </tr>\n",
       "  </thead>\n",
       "  <tbody>\n",
       "    <tr>\n",
       "      <th>3</th>\n",
       "      <td>2</td>\n",
       "      <td>164.0</td>\n",
       "      <td>99.8</td>\n",
       "      <td>176.6</td>\n",
       "      <td>66.2</td>\n",
       "      <td>54.3</td>\n",
       "      <td>2337</td>\n",
       "      <td>109</td>\n",
       "      <td>3.19</td>\n",
       "      <td>3.4</td>\n",
       "      <td>10.0</td>\n",
       "      <td>102.0</td>\n",
       "      <td>5500.0</td>\n",
       "      <td>24</td>\n",
       "      <td>30</td>\n",
       "      <td>13950.0</td>\n",
       "    </tr>\n",
       "    <tr>\n",
       "      <th>4</th>\n",
       "      <td>2</td>\n",
       "      <td>164.0</td>\n",
       "      <td>99.4</td>\n",
       "      <td>176.6</td>\n",
       "      <td>66.4</td>\n",
       "      <td>54.3</td>\n",
       "      <td>2824</td>\n",
       "      <td>136</td>\n",
       "      <td>3.19</td>\n",
       "      <td>3.4</td>\n",
       "      <td>8.0</td>\n",
       "      <td>115.0</td>\n",
       "      <td>5500.0</td>\n",
       "      <td>18</td>\n",
       "      <td>22</td>\n",
       "      <td>17450.0</td>\n",
       "    </tr>\n",
       "    <tr>\n",
       "      <th>6</th>\n",
       "      <td>1</td>\n",
       "      <td>158.0</td>\n",
       "      <td>105.8</td>\n",
       "      <td>192.7</td>\n",
       "      <td>71.4</td>\n",
       "      <td>55.7</td>\n",
       "      <td>2844</td>\n",
       "      <td>136</td>\n",
       "      <td>3.19</td>\n",
       "      <td>3.4</td>\n",
       "      <td>8.5</td>\n",
       "      <td>110.0</td>\n",
       "      <td>5500.0</td>\n",
       "      <td>19</td>\n",
       "      <td>25</td>\n",
       "      <td>17710.0</td>\n",
       "    </tr>\n",
       "    <tr>\n",
       "      <th>8</th>\n",
       "      <td>1</td>\n",
       "      <td>158.0</td>\n",
       "      <td>105.8</td>\n",
       "      <td>192.7</td>\n",
       "      <td>71.4</td>\n",
       "      <td>55.9</td>\n",
       "      <td>3086</td>\n",
       "      <td>131</td>\n",
       "      <td>3.13</td>\n",
       "      <td>3.4</td>\n",
       "      <td>8.3</td>\n",
       "      <td>140.0</td>\n",
       "      <td>5500.0</td>\n",
       "      <td>17</td>\n",
       "      <td>20</td>\n",
       "      <td>23875.0</td>\n",
       "    </tr>\n",
       "    <tr>\n",
       "      <th>10</th>\n",
       "      <td>2</td>\n",
       "      <td>192.0</td>\n",
       "      <td>101.2</td>\n",
       "      <td>176.8</td>\n",
       "      <td>64.8</td>\n",
       "      <td>54.3</td>\n",
       "      <td>2395</td>\n",
       "      <td>108</td>\n",
       "      <td>3.50</td>\n",
       "      <td>2.8</td>\n",
       "      <td>8.8</td>\n",
       "      <td>101.0</td>\n",
       "      <td>5800.0</td>\n",
       "      <td>23</td>\n",
       "      <td>29</td>\n",
       "      <td>16430.0</td>\n",
       "    </tr>\n",
       "  </tbody>\n",
       "</table>\n",
       "</div>"
      ],
      "text/plain": [
       "    symboling  normalized-losses  wheel-base  length  width  height  \\\n",
       "3           2              164.0        99.8   176.6   66.2    54.3   \n",
       "4           2              164.0        99.4   176.6   66.4    54.3   \n",
       "6           1              158.0       105.8   192.7   71.4    55.7   \n",
